83000
139100
46000
46700
49400
39300
40200
86600
56700
82400
59400
76200
119800
125500
111800
168100
132800
155800
239400
100700
142600
158000
153900
352400
352100
304700
178000
212600
282100
610400
592800
476800
365800
252800
692400
465300
387500
486500
536900
464300
415700
465500
477000
464700
508900
451400
630400
647000
521900
557800
804300
429700
719300
554500
530100
1089400
1421500
660200
742900
734900
1922600
1212600
1704900
645700
1371700
1502600
845700
1939600
1372200
1158100
1185800
1185600
1319500
958900
1209800
955400
1140100
1843100
1488500
907000
2436700
1107900
1974200
1042600
1012400
1490100
2767500
1058700
2324100
1678400
2555400
2074800
1134500
1763700
1582500
2215800
3326000
1427900
1903000
1128700
2378500
3198300
1229600
2420000
2006500
1685800
6234800
1685300
1495400
1990500
2034200
1260700
1620900
2024700
4372400
1160600
1306000
2416500
1929500
2016300
1771600
1524100
3250400
3555300
4766900
3054100
1636500
3519600
1665700
2598300
1885300
1683200
1343700
2265900
2497900
2163900
2836200
4570600
5564600
4383500
2389800
3679300
2083800
5858300
2623700
5722400
6199300
2710200
3772000
1706200
4707600
5270400
6306500
2948400
3245200
4453500
2633800
3291200
5982800
5273000
3306900
4742800
7962000
6439100
2770000
2974800
5394700
4440900
7486700
2764400
3446200
1985800
3646100
6973900
4468600
9648200
6470900
1919900
3872200
2960600
6457200
3714600
2546700
3570800
5450900
2964100
3953200
10901100
5347700
5726200
12061000
5707800
4614700
2361900
3975100
8962800
9711700
7598100
9920000
12676200
14804300
22714600
5962900
5592200
9292600
5423600
8203400
11628900
5957500
15335400
21968800
12945200
13928600
5664400
3147000
8437000
18064500
8002300
10784200
11866400
16894300
11437300
3180100
24883300
15702400
15801000
13582300
28139100
15361700
56982400
11370400
39931400
7868900
18087100
20193700
8244600
15532000
14172400
7610900
12072200
31203100
16891400
13259400
9903100
6905600
26688500
16073500
31102200
13474300
11417900
11923200
7844700
9816300
6788300
6146400
5198800
6297800
15036900
12218300
15368700
12391100
4770300
26143000
23764700
14885600
10634200
12002200
48383600
24371300
20405900
14137300
9046100
44058800
65064600
18203000
37267500
25616600
16159300
33355900
6677200
6172500
29237900
11272100
7494400
14578200
7077200
4134100
5916300
21072400
36386800
26332900
31601100
27087700
3944700
12114200
25665400
19109900
18701900
33764200
15387200
24930200
16704500
42041800
30722800
27069800
22679000
27076300
28660900
8329500
19304800
16915400
11627600
15719900
11875500
21919600
11068000
16883700
6852100
7948100
21403700
41321800
15669000
33756200
9865500
15910100
32259000
23636100
14132700
31660100
32401700
19135000
33612800
29716200
31762800
8679000
31226900
63963400
39334000
26686300
12630400
26856200
12509100
43497300
12938100
12021600
72113500
15160000
44150300
15203800
21053400
22751600
14220800
61590600
22435100
70931600
38319000
29706900
28126000
25970700
35274000
53824800
39280300
41053600
37710600
32886400
17862500
21882200
60072700
73484300
54859800
23437300
86492800
36881700
15183400
33414700
28789800
27994900
11599900
66500700
35825100
23709300
29849800
43096800
5753700
50289200
17702200
47045600
68284400
28629500
40301700
15022800
28651900
15404400
55572300
84159800
100942300
32213800
22018600
71892000
30036200
31627500
50503400
47895400
69848100
86084700
65942400
68268600
55363200
22419500
48988400
26559100
31333500
92886700
25544600
38052000
55017200
45857600
27984400
33185300
67942700
118849800
32512700
65556500
17323600
112377400
48601400
82681500
79599400
97007200
17079800
20900100
23830400
202902100
17157200
16890500
25564700
42783500
162177300
19114100
63820500
67491500
102959400
36892000
79823600
129446300
176322400
53314300
80541400
32669200
70309300
55409200
101537700
30258600
41232200
12549700
46623300
76022000
117566300
65715000
112040400
50821200
141789600
45465900
119234500
64067900
46828800
22148000
153448700
50108200
12319100
72922100
70761300
153429400
201864500
64602100
91492800
72762300
181791100
147015400
47692500
27406800
121020300
89264000
215478700
151494700
55998800
29275400
344429300
260978300
51312900
237329800
203178200
173606800
176129500
34140400
88942900
47543800
155922900
109018300
97306400
42851900
141523600
47920200
99861300
134299600
141074600
325458300
141447800
138091700
108296800
98931500
161912700
83035200
47287700
109708200
191476800
161647900
81274300
144211900
35550100
70298400
149419400
139766500
158021900
352846700
103861400
16227900
405078900
102472300
41129800
29640700
176558700
130388100
227687000
171551300
148254400
162792100
219484600
111372300
275084600
61354900
325119600
21960400
172699700
127931600
220756900
186631500
190186100
60662700
41443400
56595600
61531400
75302600
60269600
208693800
42564200
132372800
178315000
36930800
122396700
177459900
281456000
140565900
44453500
351771500
48707100
92477800
118925600
53796000
285776500
79667200
150993600
191728100
144323100
99869400
496548400
39124800
233049300
307627100
763679700
112402000
241664800
115785000
134120600
352173100
73513300
74141900
358293800
105935600
240964100
141511600
47955000
49607600
134997000
78495200
316751200
215544000
199370500
70523000
389115600
43875200
183508000
404043300
167160300
130559600
129219200
57192300
107032000
118693200
93130800
39277700
198516900
29851800
187863500
129384100
214938100
637979000
229916400
192953400
248942900
443973500
317514100
432072000
140800500
261523200
111337600
228760300
154643900
78336200
85240800
493250300
473757800
176971500
688041200
104553400
124590700
195299300
294076700
332384500
302620000
318018800
276566100
89457300
153591400
121990500
242858000
292455400
178980000
507718700
90162400
264976800
171796000
538328800
100207400
154044600
74838100
280521100
68175500
306502700
349686400
432247000
452841800
41586100
188097500
278721300
78434100
205385500
259666100
635972400
69015100
318663500
93799400
301728000
233331800
134844200
243144500
141550100
332258100
59113800
373814200
143414600
209188900
361901100
235527000
221233000
400821200
530130700
163471400
378381300
233887100
620679600
378961600
162010800
326301100
212623800
345582100
192371900
658040100
125527700
476516100
459903700
410380300
185776600
89319500
291659700
272217800
226239400
688648300
293846100
519115300
116381200
390044300
101371100
183759800
680510500
663041400
907653700
158383500
579248300
271538000
615526000
583062900
496361400
492087700
121931400
148205600
389268300
79154500
64122800
156077800
412213300
790798300
417831500
497865800
744954900
146077400
595152300
979334200
468405500
1394756300
129970900
595025500
147651400
405352500
344055900
382455400
1021860900
363166700
677463000
49763300
281280200
432543400
235455700
399900000
287557500
478924300
359755300
126086300
330762200
474052300
440176600
868452000
221548700
524899500
214880800
241109800
380971900
369708300
529914100
375456200
148029500
320145900
384926500
251750600
496220100
325503400
169993600
306384100
306932600
200452100
185013500
686326100
939894600
603438000
460921600
592034900
508780500
225423000
90732600
556474600
1107798400
282757800
567686400
196975700
532293800
452445700
67532400
353211400
578930000
572208700
631159000
537672100
660856200
399861900
238820800
879217300
684641700
760234800
267688400
172797900
900831000
366305200
474879200
468394200
221999100
235062400
878451300
708708800
790252100
358471200
188931300
302959700
747436600
431346200
665329900
299751700
807293800
449611900
1074008900
250093100
281575500
306562800
303423300
533891700
1094022400
191698900
334355100
207259600
61938700
698128800
266559000
539607800
509898500
300750700
771401700
581052000
596335500
761423900
458311600
766898200
218874800
745385100
1110911900
460660500
280708700
248656300
372291900
835095300
334169500
284554100
177519300
264601600
315861700
746133600
909769100
659107200
1306595200
209398400
411187100
899865600
960243200
454130400
764494100
210921000
313058900
668001000
1049376700
354275400
212402300
1063764800
413235600
856842500
528646400
543958000
657505500
404341200
743262500
715728000
289247200
204846700
595596800
862731200
1548569900
1437736800
1351268100
216683600
953359900
930584700
798633200
1272248400
181592000
575592900
199836300
341351500
623533200
322688100
519609500
3066843700
65116200
603446500
1360350400
585074300
627940500
970146900
290015100
79426500
347208700
604677900
1362437500
826700300
1315657800
385294100
499606300
154254000
468630400
373690300
374103300
478942200
594107100
867159500
251326000
152943200
1209528000
374396000
1709760600
802110800
1992806100
284471900
1254029300
586286000
263410600
664854700
204195400
492073800
638876300
777138000
696638000
984466500
474830800
166759900
881005100
277504100
494251300
704434400
398380100
612099200
587153300
615347000
733017900
1768470300
1772342800
746649000
404641700
1529628700
321719700
435936300
1467200800
704686900
1225695200
998497100
281640400
165253700
705037700
633216600
759844800
883207900
1093535000
2185956500
1052150200
834504700
689010500
684350700
1129262400
356448700
957655100
727161600
175295300
341551700
943343400
948880100
1823546300
941384400
898822400
1265766000
1131520100
409887000
779329200
215518500
1445096300
925810600
1189758800
1827685800
252330300
2333537800
1917792500
835370100
165000100
1554954300
670472400
2097858200
242183100
1295175800
1092049600
1008245200
402741100
386068600
130192600
876053300
755789600
4480511100
3970053700
272457200
529638100
