7000
9400
7400
7100
6300
6700
6700
7800
6600
9500
7800
7800
6100
7300
9600
8500
8500
10000
9200
10700
10000
10700
11000
10900
11500
12100
12000
13200
21900
31600
27500
30200
28000
26400
27300
26700
28100
48600
31000
29100
35700
33800
34700
34900
34600
35900
37700
38000
35400
36200
36600
37200
38300
39800
48800
40600
42200
45600
81600
59500
56800
56100
69000
58700
57700
60300
57600
62300
65600
64200
66200
64200
61900
59200
69000
66400
72700
68000
69000
75300
170900
70600
72400
69200
71900
75900
80100
83400
79800
114900
103300
156100
147000
107600
96100
105200
101700
107400
106500
149200
118300
124900
107600
216400
129300
116200
118500
109000
118300
183400
128700
121500
129700
133600
129100
119700
123300
132400
138000
302900
150900
167400
157800
170900
161800
161900
163400
169900
154600
401800
172600
229800
234200
269200
281600
276500
270000
285600
290700
304500
287800
286600
339400
459100
313500
335500
310100
309000
350200
407200
379100
613900
377100
375700
358100
394000
405300
366200
371900
384000
396600
464900
334400
259400
263100
281500
254900
645900
257300
271000
266900
263700
268300
269100
269300
258400
271300
288000
329700
328500
337500
314100
353500
335800
470200
306800
333900
331300
335300
341600
369400
354900
320600
339400
325000
360800
364500
358600
383500
378400
323900
338700
376400
370500
388600
349500
364000
346000
401700
458600
409900
484500
455700
395100
460000
451200
420600
1203400
445900
455700
434000
461400
431000
692200
415100
469700
423300
469500
786400
468400
500900
555200
493000
491700
491600
452800
467400
471100
538200
497700
453600
462900
501500
507900
485000
500100
510700
500000
498200
443800
481700
469700
522600
1250100
822900
497800
490100
546800
609700
632800
524100
523600
528900
506500
760600
491200
442500
506100
516400
523800
522000
550700
588500
580800
575700
602600
551900
608100
601800
616800
574500
572600
604000
614000
552700
551900
855700
575600
578600
642900
643700
632000
698400
655700
663700
548700
590500
606200
726200
764600
747100
763500
742500
874700
1020500
763200
748000
676200
703100
739400
753000
683800
728000
726100
720700
764300
712900
705500
714400
766900
759500
820100
700300
687700
744800
668800
755800
843000
920100
897600
858800
785100
864100
937400
873900
857200
765400
790600
847400
891800
894800
801700
1306900
896000
863500
872100
855500
832900
886900
864900
881900
831100
927700
888600
820400
818200
1143000
830600
901100
951700
964000
990200
1038000
999900
1796800
1147200
1102200
987300
1053200
970100
1033400
967200
1201000
1411300
1093300
960300
1011500
927100
916700
947400
989600
993600
992500
954500
937000
1015400
972000
1043600
1093600
1098900
1082700
1111900
1057400
1168900
1189800
1738200
1090900
1171300
1159500
1124200
1182000
1135200
1083700
1127700
1066900
1190500
1231700
1148800
1241400
1184600
1098200
1065400
1160400
1167500
1177000
1120500
1207000
1125100
1750500
1339900
1401000
1383400
1189700
1264900
1872800
1280400
1336400
1339000
1248900
1322100
1368700
1262300
1206800
1350600
1396500
1406200
1673000
1341700
1299300
1500000
1234800
1470300
1359400
1400800
1382100
1328100
1251900
1486500
1630600
1824900
1684000
1731300
1956400
5525100
1963300
2215300
1811000
3083000
2155400
1878900
2002300
2739200
1907200
1469600
1556400
1559000
1557800
1506900
1637600
1531600
1511800
1530500
1630400
1663300
1627600
1598800
1644900
1566700
1821000
1727600
1754200
1742600
2159000
1995700
1836200
1729800
1659400
1702200
1787400
1749200
1681500
1815100
1824900
1890200
1847200
1771100
1614500
1879400
2182800
1797900
1788700
1781300
1723900
1714300
1868200
1846800
1790400
3228000
1951200
2018200
2145200
1886800
2060400
1947500
1956300
1855100
2059000
1989300
2064600
2026700
2061500
2085300
1990900
2050300
2062600
2020800
2299200
1932200
2031200
2122500
2171500
1984200
2032200
2020900
2097000
1958900
1989800
2112100
2355800
2211200
2937600
2356200
2129700
2248400
2321900
2370900
2303100
2392200
2519200
2186000
2261900
2433200
2340500
2282800
2417500
2504200
2856300
2353800
2195000
2287600
2234300
2370900
2480600
2490400
2486900
3831500
2380500
2328800
2619000
2622100
2675500
2525000
2504600
2474100
2862800
2494200
2623000
2631000
2541500
2558700
2552900
3569400
2669400
2609400
2696600
2445500
2635000
2538800
2472700
2602600
2666400
2669800
2525300
2693900
2655900
2645900
2633100
3043600
2860100
3118200
2906100
2983900
3074200
3097200
2932300
3189500
2996200
2796000
2876700
3228400
2997400
2946900
2841400
2932700
3078200
5739300
3022500
3078100
3058400
2867600
2901300
3473600
2992800
3083800
4214500
3040000
3666600
3279000
3326600
3415500
3237000
3345500
3591500
3350300
3286900
3273600
3207400
3281900
3335900
3350600
3668400
4020200
3767000
3319700
3464900
3410000
3764500
3381700
3557500
3407700
3560500
3379300
3517200
3252000
3415500
3291700
3195600
3360900
3598400
3927100
3831800
3681500
3665100
3952900
3685400
3558300
3967900
3814800
3529400
3677700
3895400
3589000
3734600
3750900
3632200
3853200
3715200
3934400
3960500
3795500
3687000
3852400
4028200
3845600
3606000
4096000
4085300
3785000
4074200
4170200
4423400
3944400
4068900
3942400
4105400
4197700
3800000
4015200
3998300
4020300
4017800
3794100
3857900
4034200
4208000
3939400
4545400
4095400
4313600
4122700
3984600
4015300
4112000
4224300
4049400
5069700
4619400
4284500
4312000
4392100
4486300
4265100
4345300
4339300
4435000
4587700
4430200
4505800
4555600
4452400
4914800
4699300
4650800
4555400
4529700
4570100
4599700
4700300
4556400
4624300
4741800
4554300
4426900
4468700
4377500
4648400
4512000
4410600
4803700
4839700
4914500
4699500
4886000
5091900
4687300
5415600
4826900
5761500
4895500
4980800
5113400
4876200
5340600
5222000
5390000
4902000
5003200
5313000
4745200
5116600
6056100
4809200
4759000
5425100
5092500
4848600
4935500
5182600
5532400
5650400
5326500
5783300
5601700
6154000
5085800
5776400
5462500
5189400
5523700
5293600
5353200
5159400
5700700
5224200
5466000
5509400
5378000
6050000
5954800
5427000
5391700
5706700
5222400
5818600
5535500
6161000
5456600
5813600
5722000
5958100
6084400
5907400
5970600
5859100
5661000
6158700
5849300
5832100
5959400
6122400
5911900
5978700
6128200
5828000
5934700
6015800
5793600
6013200
5912100
6161600
5724000
6264600
6184500
6016500
6235400
6195100
5905200
6331600
6186500
6405200
6806000
6759600
6259300
6410300
6534400
6447800
6198000
6436100
6643400
6034700
6145100
6566000
6284700
6424200
6686100
6365600
6534300
6502000
6196000
6470800
6401900
6673800
6742400
6541600
6448800
7273600
6519400
6542600
6909700
6670400
7415700
6742600
7147200
6763900
6843400
6812500
7063100
7569500
7109000
6750400
6932600
7055500
6945900
6563700
6902700
6934400
7481200
6826600
6537600
6906500
6496700
6920000
6531800
6370800
7092200
6973500
8137600
7268400
7235900
7957600
9131900
7230000
7919100
7089300
7762500
7437100
7790400
8025000
7366100
7774700
7641500
7347200
7129800
7693500
8352200
7336400
7641600
8282400
7767100
8136200
7928400
7611400
9179800
8177300
7822100
7882200
7837800
7451900
7603800
7862700
8663300
8288800
8121400
8189000
8314700
8184800
8354300
8399300
7975300
8159900
8308900
7911400
7806600
8183600
8001900
8177900
8289000
8099100
7865300
7548200
8771300
8436400
8533200
9278100
8586900
10915000
8330000
7999200
8375900
8878100
8359600
8717900
8264400
9068200
9065400
8905100
8536800
8372300
8697500
8351900
8458900
8555700
9061600
10240100
8942600
8716600
9134800
9000700
9269200
8817600
8417900
8566000
9128000
8793500
8927000
9207500
9159200
8593900
9198900
9226400
9752000
9383200
9071000
9212500
9561500
9491000
9884000
9570200
9132700
9083900
8755900
9348700
9725000
9853700
9057700
8506000
9137300
9576600
9108900
9670600
9724000
8927100
9589600
9662600
9415900
9626400
9319200
10268500
10169300
10740400
10463000
10084300
10666200
10607400
10562000
9778500
10450900
10808500
10733000
10222600
10969100
10204200
10036500
10841000
9913100
11009200
10193300
10441900
10495300
10123300
10745000
10414100
10430100
9909600
10556100
10748000
9924400
10371100
11139300
10784000
12127000
11606400
11009300
11328400
10887900
11459500
10874700
10978400
11712300
11705500
11910000
11817500
11761100
11766700
11172300
11327200
13599300
11526400
11842100
11805100
11814100
11967600
11281500
11818000
12120400
11450900
11587000
11702700
12584700
11762000
12414700
13141500
11444600
11654300
11277400
13858400
12085900
11486500
12417800
11114100
12643400
11952500
11645600
11533300
11670500
12171200
11376800
11808100
11275500
11934400
11437000
11205900
11476900
12348700
13835300
12353500
12780200
12412300
12092000
13098500
12370200
12347600
12262800
14018600
13689000
12319800
12928100
12854300
12876100
12920600
13477400
12859600
13493800
14313900
14322800
13737500
12743200
12437900
12816800
13920600
12510600
13032800
12932000
12917600
13651500
12642900
12729300
13059700
13453900
13226400
14145000
13010600
14006700
14348900
15467800
14691300
13909500
12860700
13614200
13621500
12821200
13555200
13815400
13767400
13729300
12943500
13965300
14540400
13807500
13400200
14137900
12906300
12549200
13229100
12769600
13737600
13990600
13551900
14850400
13847600
14103600
14524900
14448900
14705800
14604100
14277300
13681300
13885600
15248400
14127800
13883500
14676700
14218500
14518800
14507100
14626600
15087800
13743400
15592500
18955900
14370400
14353200
14642400
14805400
13864900
14305200
15474500
15137400
15351200
15958800
15137900
14819300
14479400
14897500
14728500
15494300
14844500
16510700
14464200
14969500
14522300
13977700
14459700
15421700
14780100
16424700
15299900
15112500
15687600
15599900
15828000
15440900
15009400
15660200
15922700
16374200
15798600
16823600
15971400
15687700
15319400
15753900
15137500
16874100
16341300
15877900
16007800
16797600
17765300
15410500
17499800
16658700
15766500
15389400
15682200
15417200
16220200
15218900
18164300
15969600
16848200
16849900
19339200
16398700
16435500
17378500
16657100
15825100
19556900
18149200
19450500
16686100
18781500
16422600
18156700
17440000
16185600
17647400
17079700
17194200
18157700
16983800
17430200
17704100
18723100
18187800
16780800
17247900
16889700
17748000
18227300
17297300
17775500
19319900
21210800
17361900
17543200
17300700
20405700
18199700
17951200
17736400
16955900
19381600
19229400
19769300
17644500
18014100
17724000
17752500
19733100
18005000
19578100
18184700
18315900
19736700
19878800
19214900
20381700
18199700
17649500
19575400
18725300
17911600
18466100
17955800
19625000
18451100
19688500
18972900
19847400
18647100
19372600
19811800
20385600
19035800
20588300
18256500
18312700
18591800
17826500
19523500
18532100
21305900
18990000
19819800
18504500
18635500
19178600
20539400
19565300
21035900
19993600
21030700
22071900
19932900
22135900
19540800
22136300
20377500
19762200
19774800
19963100
20594500
20480800
20995800
19676600
20597400
21737700
20532200
19862500
20230300
20658000
23223900
20371700
21535600
22168400
19159600
20439900
21579700
21097400
21981100
20091100
20929700
22927500
20569300
19829300
21828200
30379700
23250700
21103400
21151700
21450200
23925000
22236700
22069000
21668400
20581500
23488300
22307400
21392100
21177400
22019400
21004100
23100200
23353600
20562700
23190100
22363000
21066800
21023800
22162600
21875800
23904200
21926700
21431300
21438000
21672100
24745600
22225300
21621600
22723000
32969500
23076600
23037900
22390300
22792800
21530200
21974600
23023100
22004400
24494200
23281200
22875700
23877100
22050300
37793000
22944000
22579700
25606700
24300900
21651200
24127000
24426900
23366000
23808500
23961900
25308100
23029600
25307300
23324600
23186300
23881900
24801700
23861900
27242400
24360700
26463300
23921100
25852400
25076700
24200300
23559600
23202000
25144100
24664300
23972300
25091000
24673200
24469800
25777400
24997200
24714700
24540600
25290100
23916700
23634600
24402000
26920800
24953200
25096900
24677800
25251000
25332200
24356800
24986400
26001600
28662300
24991000
24459000
28422700
25858700
24921000
24812300
24530200
26249100
25975200
24898200
29972700
26053800
26673700
25550100
25656700
25065400
25914500
27521000
24771900
24457900
26581200
28202300
25515100
26302200
29570000
27072300
28047000
30493000
28309100
27250200
27119900
26129300
29406400
26209100
27087700
26382200
26171800
29058800
26410500
28675600
26468700
28716700
27573500
27003900
26380800
27218400
27351100
27478800
27370100
28067700
29719100
31082500
30242500
27552200
29986400
30367800
28127800
27572600
27575200
28139100
28412300
29479600
28759300
31145700
29005100
27660900
29173000
29934900
28000800
27522000
28161000
28401300
28724700
28685300
28715400
30817400
31050800
30110900
27902600
28258600
31044600
29684000
28255300
28424800
31703500
30293700
32196900
33148100
29263900
30965600
29991800
32998400
29586800
31620500
32793400
29115900
30544200
30165000
29872200
30179400
30601700
32516900
31904200
29738400
29483400
33586700
31756900
32879600
28702700
31845700
35571700
32872400
32250900
31530700
34775300
31555100
30864700
31167300
32075800
32463500
33015700
33826900
33944400
31468900
37008100
33588600
30176600
31875600
32510800
31234000
31046700
35179200
32357200
31202800
34704800
30761100
33234200
32268800
31498000
30568400
33211900
34056800
32176900
33443300
32781000
33625500
31391600
32951300
32716100
32740400
35306000
33231900
34305700
31143900
34643000
37056000
32492200
32072300
35184800
32864200
32161900
33242700
33104500
33334900
36190500
33603900
32667700
36839900
36077500
32787600
35122600
35541600
35353100
33787400
35047500
34444900
34025200
33479000
38051400
34637000
34510000
34136300
35883900
35236400
34369800
38908800
34472000
35043100
35868300
36968200
36454700
34071600
35806900
32911300
34912100
36412600
34802100
37495800
39175700
34108200
37462300
36276700
36446300
36266400
36539500
36728100
36531400
35661100
36823500
35352800
35810700
40112400
34553500
35057800
36895000
39011300
38636800
37021000
45952300
35256300
39156600
41797600
37855800
38517200
35946800
36360500
36179700
40832400
36582200
35976100
37997900
37990300
39795400
36653000
39075700
38411900
39027700
39380400
40464100
40975700
39726200
38870800
39588600
40380200
37772200
36564200
41175000
40848800
42554800
38072700
37352700
38438100
37198500
38031300
37269300
38228200
38192300
42149800
37389500
38585300
40078900
42946100
39218700
43784600
42056100
39376100
38214100
40044200
37862500
40180500
38284700
38102200
40289300
40078600
38963300
39637300
44368700
43611500
40521200
43289200
40859400
39669400
39564900
40346700
39673500
39893400
41070900
40955200
43248000
42139600
41799300
41958300
44101600
42287200
40075300
45954000
42103300
41389100
40336900
44867900
41098700
44192900
41289100
43673500
42213900
42657900
47455500
41778400
42605200
41162900
41820700
48092500
42499500
45224800
41949300
42173600
41740000
45888700
44214400
42426100
42840700
43228400
42460300
44030700
42455100
42359300
49268700
46142800
48251500
44473300
44983900
44050400
45896100
44901500
44283600
42609600
47241700
47224500
44751200
44277600
45226100
47224000
44821100
46108200
45627000
45649400
47350600
42966400
52855600
46362900
49821900
50559500
48875300
49807400
48067200
52625000
45402600
49050300
49097200
48365500
46469600
48795100
45498900
47468700
47183400
45634100
49982800
47283800
49872100
45657300
49255900
47717600
47975700
48408700
47132300
46575400
48043700
45326100
45451800
49722400
50081500
52173800
47481300
48826300
49910100
49325000
48860400
49332300
47625700
48399200
48648600
48621000
47249300
47263800
50431600
50074500
47074600
49455600
47647900
49817900
48728200
50753500
47476800
49388900
46654500
51204700
47848000
49303000
55657000
51122200
54427900
49420400
54652400
49906500
50265900
50280000
50069900
51041200
52374200
51714000
51544300
54633300
49668700
49080500
51782700
50580700
49924700
48911200
50258400
49560800
50175300
54670800
54609200
53087300
49779100
54098000
51589900
52018600
50141900
50062400
54131000
52074300
54659400
52234200
54751400
54339400
61800400
53063500
52329700
53458300
52409500
53904000
53029200
52791500
56070600
58458000
61040500
57561500
54617000
59708400
51970500
57132100
51083400
56535000
54780900
52139600
58023200
52734800
57353300
54474000
55839700
58187300
55929800
56817200
59019500
56095600
54263900
54803300
55761600
58709700
54717300
58146800
55423000
57111800
53987600
56911300
55741600
56878000
54603400
56310100
56958700
55412200
55665400
59211900
56950000
55680000
55798100
56745500
57643600
54152500
58310500
64622700
60500700
58176400
58201300
60429200
62288500
61819000
58843400
62033400
55844000
60232500
57352900
59644700
58733600
61788500
58567500
63181600
70312600
63647500
60669900
59971800
57539800
63226600
62791900
57991100
58785600
65785900
57401100
57536400
64195500
63947400
57967700
57525300
59975400
60666200
65305000
60086500
58993500
59916300
62212500
57873900
57232600
65245400
60043300
60437700
61071000
67146900
58182300
60289600
58376200
59843200
59612900
60325200
57614300
60543000
58055900
60248600
61505500
61609400
58773700
61837900
65257200
59906600
61911900
68766400
60930900
60034700
